39517
18121
49970
48435
12116
49213
42562
25123
55346
36616
13394
20555
51599
20625
4903
9501
6635
4727
40010
13823
56199
31092
55802
56697
9276
29963
5907
39998
46200
51688
61819
8393
13649
53606
36344
29221
1573
57488
159
49975
20363
54497
15272
6035
61624
32951
22945
65361
6182
45040
26675
8691
31762
4159
55244
43314
13220
34476
5346
64367
64257
2002
35176
11107
60301
49459
48678
56477
27733
55862
36991
32421
12261
51238
65469
29339
45517
30250
43880
52388
1184
40315
64860
102
3981
48844
8249
35825
64426
64368
56735
35087
31808
13424
1574
43879
47072
18645
40361
34645
